4294967278,73
4294967278,314
4294967279,277
4294967278,275
4294967278,277
4294967278,72
4294967279,288
4294967278,281
4294967279,286
4294967279,311
4294967279,316
4294967278,384
4294967279,439
4294967278,431
4294967279,387
4294967278,286
4294967278,430
4294967278,429
4294967278,428
4294967279,438
4294967278,427
4294967279,437
4294967278,426
4294967279,436
4294967279,0
4294967294,1020
4294967279,255
4294967278,254
4294967279,254
4294967278,425
4294967279,250
4294967278,67
4294967278,62
4294967278,59
4294967278,57
4294967278,52
4294967278,50
4294967278,49
4294967278,45
4294967278,44
4294967279,49
4294967279,48
4294967279,46
4294967279,45
4294967279,38
4294967279,37
4294967279,36
4294967279,34
4294967279,33
4294967279,29
4294967279,26
4294967279,24
4294967279,23
4294967279,17
4294967279,10
4294967278,251
0,5
4294967294,1021
4294967294,1420
4294967294,975
4294967278,248
2,4
4294967294,7
4294967294,22
4294967278,247
4294967294,81
4294967294,969
4294967294,173
4294967294,976
4294967294,973
4294967294,987
4294967294,113
4294967294,454
4294967279,247
4294967278,245
4294967279,244
4294967279,245
4294967278,243
4294967279,242
4294967294,426
4294967294,393
4294967294,1423
4294967294,989
4294967294,1
4294967294,474
4294967294,28
4294967294,27
4294967294,92
4294967294,88
4294967294,85
4294967294,1038
4294967294,46
4294967279,240
4294967279,241
4294967278,239
4294967279,238
4294967279,239
4294967278,424
4294967279,234
4294967294,94
4294967294,96
34,5
4294967279,232
34,4
34,3
34,2
34,1
4294967278,229
4294967279,230
4294967294,8
4294967294,6
4294967294,93
4294967294,95
4294967294,17
4294967294,26
4294967294,83
4294967294,67
4294967294,42
4294967294,430
4294967294,53
4294967294,0
4294967294,2
4294967294,476
4294967294,25
4294967293,131
4294967293,130
4294967293,129
4294967293,128
4294967293,127
4294967293,126
4294967293,125
4294967293,124
4294967293,123
4294967293,122
4294967293,121
4294967293,120
4294967293,119
4294967293,118
4294967293,117
4294967293,116
4294967293,115
4294967293,114
4294967293,113
4294967293,112
4294967293,111
4294967293,110
4294967293,109
4294967293,108
4294967293,107
4294967293,106
4294967293,105
4294967293,104
4294967293,103
4294967293,102
4294967293,101
4294967293,100
4294967293,99
4294967293,98
4294967293,97
4294967293,96
4294967293,95
4294967293,94
4294967293,93
4294967293,92
4294967293,91
4294967293,90
4294967293,89
4294967293,87
4294967293,86
4294967293,85
4294967293,84
4294967293,83
4294967293,82
4294967293,81
4294967293,80
4294967293,79
4294967293,78
4294967293,77
4294967293,76
4294967293,75
4294967293,74
4294967293,73
4294967293,72
4294967293,71
4294967293,70
4294967293,69
4294967293,68
4294967293,67
4294967293,66
4294967293,65
4294967293,64
4294967293,63
4294967293,62
4294967293,61
4294967293,60
4294967293,59
4294967293,58
4294967293,57
4294967293,56
4294967293,55
4294967293,54
4294967293,53
4294967293,52
4294967293,51
4294967293,50
4294967293,49
4294967293,48
4294967293,47
4294967293,46
4294967293,45
4294967293,44
4294967293,43
4294967293,42
4294967293,41
4294967293,40
4294967293,39
4294967293,38
4294967293,37
4294967293,36
4294967293,35
4294967293,34
4294967293,33
4294967293,32
4294967293,31
4294967293,30
4294967293,29
4294967293,28
4294967293,27
4294967293,26
4294967293,25
4294967293,24
4294967293,23
4294967293,22
4294967293,21
4294967293,20
4294967293,19
4294967293,18
4294967293,17
4294967293,16
4294967293,15
4294967293,14
4294967293,13
4294967293,12
4294967293,11
4294967293,10
4294967293,9
4294967293,8
4294967293,7
4294967293,6
4294967293,5
4294967293,4
4294967293,3
4294967278,39
4294967278,24
4294967278,23
4294967278,14
4294967278,13
4294967278,8
4294967278,6
4294967278,5
4294967278,4
4294967279,131
4294967279,130
4294967279,129
4294967279,256
4294967279,128
4294967279,127
4294967279,126
4294967279,125
4294967279,124
4294967279,252
4294967279,123
4294967279,122
4294967279,121
4294967279,120
4294967279,119
4294967279,118
4294967279,117
4294967279,116
4294967279,115
4294967279,114
4294967279,113
4294967279,112
4294967279,111
4294967279,110
4294967279,109
4294967279,108
4294967279,107
4294967279,106
4294967279,105
4294967279,99
4294967279,98
4294967279,96
4294967279,95
4294967279,94
4294967279,93
4294967279,92
4294967279,90
4294967279,89
4294967279,83
4294967279,81
4294967279,80
4294967279,79
4294967279,77
4294967279,76
4294967279,75
4294967279,74
4294967279,305
4294967279,73
4294967279,72
4294967279,71
4294967279,70
4294967279,69
4294967279,68
4294967279,67
4294967279,66
4294967279,65
4294967279,64
4294967279,63
4294967279,301
4294967279,62
4294967279,61
4294967279,60
4294967279,59
